spacing = 0.080000	 ratiohs = 0.866025403784
waven = 5  
lambda	= 7.500000 	1.250000 	2.500000 	1.250000 	2.500000 
ampl	= 0.000000 	0.000000 	0.000000 	0.000000 	0.000000 

use_coco = FALSE		 radius = 0.010000	 stokexp = 0.512221361161	 extra = 0
phiC	= 0.029833 	0.000000 	0.126078 	-0.000000 	0.433023 	-0.000000 	1.047197 
gC	= -0.000005 	0.000497 	0.000422 	0.009462 	0.000269 	-0.000070 	0.500007 

tip_radius = 0.002000000000		 zCirc = 0.030641016151		 yTan = 0.038267949192
ph = 0
