nx=5
nz=15
n_int=7
rho_b=0.08
k=5
sigma=1
h=0.261313
r=0.261313